# Generated by tools/build_adiscord_strategic_regions.py
strategic_region={
	id=73
	name="STRATEGICREGION_73"
	provinces={
		155 186 187 194 225 319 331 351 358 426 444 484 532 544 546 581 620 703 708 740 750 761 789 829
		848 859 872 875 897 918 937 940 949 966 974 1004 1005 1036 1050 1057 1073 1124 1135 1170 1174 1202 1227 1253
		1279 1302 1310 1311 1331 1336 1344 1357 1387 1391 1395 1412 1449 1453 1458 1473 1576 1633 1817 1857 1921 1922 1923 1934
		1938 1972 1983 2013 2016 2023 2045 2060 2108 2136 2160 2164 2169 2174 2185 2204 2214 2221 2353 2382 2405 2418 2428 2445
		2458 2573 2579 2597 2607 2613 2626 2645 2653 2657 2715 2756 2760 2815 2904 2922 2929 2945 2950 2959 2989 3009 3044 3055
		3064 3067 3081 3096 3112 3124 3148 3150 3193 3194 3325 3362 3369 3387 3413 3445 3479 3494 3510 3512 3540 3549 3560 3609
		3610 3621 3634 3647 3665 3666 3735 3747 3759 3797 3798 3820 3835 3852 3876 3900 3904 3975 3989 4012 4040 4045 4069 4075
		4087 4097 4117 4122 4126 4131 4137 4154 4159 4161 4168 4187 4191 4227 4245 4264 4267 4314 4337 4340 4353 4375 4377 4384
		4416 4427 4454 4470 4499 4539 4540 4543 4549 4556 4558 4565 4592 4624 4625 4714 4747 4754 4761 4766 4772 4799 4812 4824
		4846 4888 4938 4971 4986 5017 5027 5070 5103 5106 5131 5174 5175 5181 5275 5289 5338 5351 5370 5372 5455 5480 5496 5517
		5522 5535 5577 5602 5617 5619 5653 5669 5678 5686 5692 5708 5767 5778 5779 5794 5821 5841 5852 5908 5937 5949 5959 6060
		6069 6070 6083 6085 6090 6121 6127 6131 6162 6189 6216 6222 6227 6276 6285 6306 6319 6324 6330 6379 6416 6454 6469 6484
		6490 6528 6572 6632 6654 6677 6680 6690 6699 6734 6753 6803 6836 6956 6960 6965 6973 6978 6989 6996 7020 7030 7039 7076
		7119 7147 7156 7158 7166 7207 7216 7258 7280 7301 7315 7318 7334 7363 7375 7390 7433 7457 7484 7519 7544 7582 7720 7773
		7846 7876 7883 7892 7987 8020 8099 8128 8212 8213 8268 8276 8281 8292 8307 8311 8374 8408 8430 8453 8483 8528 8542 8552
		8575 8579 8586 8594 8612 8637 8656 8697 8711 8720 8745 8746 8753 8788 8797 8799 8808 8815 8854 8910 8929 8964 8999 9002
		9073 9081 9115 9131 9178 9246 9306 9342 9446 9447 9459 9504 9541 9542 9543 9563 9580 9582 9605 9607 9621 9631 9632 9648
		9656 9677 9686 9701 9713 9724 9774 9826 9859 9865 9878 9889 9913 9943 9947 9960 9977 9981 10058 10069 10080 10085 10112 10115
		10123 10141 10176 10237 10247 10263 10275 10281 10286 10311 10312 10325 10354 10468 10550 10593 10603 10614 10634 10638 10655 10685 10689 10697
		10710 10723 10750 10770 10771 10829 10841 10856 10862 10901 10969 10994 11012 11016 11042 11054 11061 11142 11151 11175 11176 11232 11286 11327
		11341 11380 11415 11427 11435 11438 11475 11499 11518 11618 11631 11671 11715 11735 11736 11768 11794 11804 11843 11854 11859 11896 11917 11940
		11954 11964 11989 12094 12105 12110 12115 12154 12176 12226 12245 12299 12314 12333 12375 12379 12391 12394 12400 12407 12416 12442 12499 12524
		12558 12568 12603 12647 12674 12752 12754 12761 12767 12775 12779 12810 12822 12897 12905 12917 12924 12935 12943 12989 12999 13027
	}
	weather={
		period={
			between={ 0.0 30.0 }
			temperature={ -27.0 -10.0 }
			no_phenomenon=0.42
			rain_light=0.08
			rain_heavy=0.02
			snow=0.50
			blizzard=0.22
			arctic_water=0.00
			mud=0.45
			sandstorm=0.00
			min_snow_level=0.20
		}
		period={
			between={ 0.1 27.1 }
			temperature={ -24.0 -7.0 }
			no_phenomenon=0.42
			rain_light=0.08
			rain_heavy=0.02
			snow=0.50
			blizzard=0.22
			arctic_water=0.00
			mud=0.45
			sandstorm=0.00
			min_snow_level=0.20
		}
		period={
			between={ 0.2 30.2 }
			temperature={ -16.0 1.0 }
			no_phenomenon=0.45
			rain_light=0.25
			rain_heavy=0.08
			snow=0.25
			blizzard=0.06
			arctic_water=0.00
			mud=1.10
			sandstorm=0.00
			min_snow_level=0.10
		}
		period={
			between={ 0.3 29.3 }
			temperature={ -7.0 11.0 }
			no_phenomenon=0.45
			rain_light=0.25
			rain_heavy=0.08
			snow=0.25
			blizzard=0.06
			arctic_water=0.00
			mud=1.10
			sandstorm=0.00
			min_snow_level=0.10
		}
		period={
			between={ 0.4 30.4 }
			temperature={ 1.0 18.0 }
			no_phenomenon=0.54
			rain_light=0.35
			rain_heavy=0.12
			snow=0.03
			blizzard=0.00
			arctic_water=0.00
			mud=0.70
			sandstorm=0.00
			min_snow_level=0.00
		}
		period={
			between={ 0.5 29.5 }
			temperature={ 7.0 24.0 }
			no_phenomenon=0.54
			rain_light=0.35
			rain_heavy=0.12
			snow=0.03
			blizzard=0.00
			arctic_water=0.00
			mud=0.70
			sandstorm=0.00
			min_snow_level=0.00
		}
		period={
			between={ 0.6 30.6 }
			temperature={ 10.0 27.0 }
			no_phenomenon=0.54
			rain_light=0.35
			rain_heavy=0.12
			snow=0.03
			blizzard=0.00
			arctic_water=0.00
			mud=0.70
			sandstorm=0.00
			min_snow_level=0.00
		}
		period={
			between={ 0.7 30.7 }
			temperature={ 8.0 25.0 }
			no_phenomenon=0.54
			rain_light=0.35
			rain_heavy=0.12
			snow=0.03
			blizzard=0.00
			arctic_water=0.00
			mud=0.70
			sandstorm=0.00
			min_snow_level=0.00
		}
		period={
			between={ 0.8 29.8 }
			temperature={ 2.0 18.0 }
			no_phenomenon=0.54
			rain_light=0.35
			rain_heavy=0.12
			snow=0.03
			blizzard=0.00
			arctic_water=0.00
			mud=0.70
			sandstorm=0.00
			min_snow_level=0.00
		}
		period={
			between={ 0.9 30.9 }
			temperature={ -5.0 9.0 }
			no_phenomenon=0.45
			rain_light=0.25
			rain_heavy=0.08
			snow=0.25
			blizzard=0.06
			arctic_water=0.00
			mud=1.10
			sandstorm=0.00
			min_snow_level=0.10
		}
		period={
			between={ 0.10 29.10 }
			temperature={ -14.0 -2.0 }
			no_phenomenon=0.45
			rain_light=0.25
			rain_heavy=0.08
			snow=0.25
			blizzard=0.06
			arctic_water=0.00
			mud=1.10
			sandstorm=0.00
			min_snow_level=0.10
		}
		period={
			between={ 0.11 30.11 }
			temperature={ -23.0 -8.0 }
			no_phenomenon=0.42
			rain_light=0.08
			rain_heavy=0.02
			snow=0.50
			blizzard=0.22
			arctic_water=0.00
			mud=0.45
			sandstorm=0.00
			min_snow_level=0.20
		}
	}
}
