# Generated by tools/build_adiscord_strategic_regions.py
strategic_region={
	id=77
	name="STRATEGICREGION_77"
	provinces={
		177 202 219 226 253 295 298 310 356 370 374 403 438 442 447 459 462 475 499 504 527 545 552 565
		640 659 681 699 704 705 718 720 723 772 819 821 825 858 898 945 964 987 1043 1054 1085 1102 1118 1125
		1130 1163 1171 1176 1188 1203 1207 1244 1256 1289 1303 1315 1354 1388 1389 1393 1442 1452 1490 1491 1529 1550 1566 1597
		1600 1621 1622 1627 1638 1650 1661 1680 1682 1743 1746 1747 1753 1765 1785 1816 1829 1851 1860 1913 1920 1924 1933 1939
		1958 1964 1996 1999 2011 2028 2041 2051 2053 2083 2096 2155 2187 2208 2209 2222 2251 2253 2260 2277 2278 2336 2341 2369
		2392 2400 2417 2444 2450 2454 2466 2482 2499 2560 2564 2588 2600 2622 2628 2630 2631 2633 2641 2648 2659 2670 2680 2690
		2708 2710 2720 2782 2795 2801 2812 2818 2824 2859 2861 2876 2877 2884 2891 2931 2932 2956 2976 2985 2995 3034 3039 3057
		3076 3077 3144 3203 3257 3283 3364 3374 3381 3388 3395 3400 3408 3409 3457 3468 3470 3489 3500 3531 3604 3618 3628 3662
		3676 3678 3693 3702 3741 3746 3754 3758 3769 3771 3780 3810 3812 3843 3906 3921 3948 3979 3999 4003 4049 4090 4104 4109
		4129 4165 4229 4310 4345 4355 4383 4434 4448 4473 4519 4536 4541 4555 4607 4609 4619 4661 4666 4720 4725 4746 4755 4756
		4786 4797 4833 4843 4850 4865 4885 4896 4917 4933 4943 4947 4963 5022 5030 5031 5081 5107 5149 5151 5171 5179 5212 5213
		5238 5250 5264 5268 5278 5279 5292 5302 5310 5326 5347 5367 5399 5401 5450 5454 5459 5487 5503 5551 5557 5570 5576 5592
		5597 5652 5662 5671 5677 5684 5694 5697 5705 5714 5720 5752 5773 5776 5806 5818 5826 5836 5847 5853 5855 5870 5873 5876
		5890 5917 5931 5962 5968 5993 5998 6023 6048 6077 6102 6118 6124 6128 6143 6144 6154 6178 6185 6190 6198 6226 6240 6248
		6275 6279 6309 6332 6347 6355 6368 6375 6376 6391 6407 6436 6446 6447 6468 6517 6518 6536 6550 6625 6647 6659 6688 6751
		6767 6772 6791 6812 6828 6846 6851 6853 6856 6875 6883 6906 6911 6922 6951 6966 7028 7050 7067 7075 7104 7114 7130 7133
		7179 7192 7222 7265 7282 7314 7323 7325 7327 7347 7365 7369 7415 7416 7424 7463 7488 7499 7523 7538 7557 7566 7605 7627
		7629 7686 7709 7732 7757 7769 7772 7803 7821 7875 7899 7926 8013 8079 8089 8098 8139 8147 8185 8193 8208 8333 8347 8354
		8379 8410 8418 8424 8467 8527 8545 8555 8577 8592 8608 8624 8627 8645 8649 8694 8706 8741 8750 8773 8882 8899 8905 8921
		8945 8948 8969 8986 9008 9028 9042 9055 9069 9074 9151 9164 9200 9209 9216 9227 9240 9267 9268 9280 9284 9300 9345 9354
		9392 9403 9421 9436 9441 9516 9523 9532 9546 9549 9560 9593 9603 9613 9649 9663 9719 9721 9730 9747 9813 9814 9819 9825
		9838 9863 9906 9930 9933 9964 9978 9997 10003 10005 10031 10037 10038 10049 10059 10061 10110 10150 10165 10182 10194 10208 10216 10230
		10232 10244 10271 10283 10285 10295 10305 10328 10353 10368 10373 10399 10451 10452 10473 10522 10554 10573 10583 10632 10682 10684 10701 10757
		10767 10777 10780 10790 10816 10820 10860 10889 10930 10939 10959 10961 10965 10984 10986 11014 11031 11041 11136 11157 11189 11217 11220 11229
		11239 11241 11254 11262 11271 11291 11310 11314 11352 11361 11363 11372 11388 11390 11417 11420 11432 11447 11473 11494 11517 11531 11549 11588
		11589 11609 11621 11628 11650 11666 11677 11689 11745 11778 11781 11791 11846 11873 11875 11887 11893 11935 11980 12007 12009 12035 12059 12074
		12098 12114 12136 12140 12145 12148 12158 12183 12202 12221 12248 12288 12301 12309 12345 12356 12377 12387 12424 12432 12439 12445 12448 12451
		12496 12507 12518 12522 12531 12533 12587 12607 12608 12610 12627 12629 12636 12637 12657 12658 12662 12672 12694 12717 12720 12729 12751 12786
		12796 12855 12859 12866 12919 12954 12958 13003 13006
	}
	weather={
		period={
			between={ 0.0 30.0 }
			temperature={ -18.0 -3.0 }
			no_phenomenon=0.39
			rain_light=0.10
			rain_heavy=0.03
			snow=0.31
			blizzard=0.09
			arctic_water=0.00
			mud=0.08
			sandstorm=0.00
			min_snow_level=0.00
		}
		period={
			between={ 0.1 27.1 }
			temperature={ -16.0 0.0 }
			no_phenomenon=0.39
			rain_light=0.10
			rain_heavy=0.03
			snow=0.31
			blizzard=0.09
			arctic_water=0.00
			mud=0.08
			sandstorm=0.00
			min_snow_level=0.00
		}
		period={
			between={ 0.2 30.2 }
			temperature={ -9.0 7.0 }
			no_phenomenon=0.43
			rain_light=0.25
			rain_heavy=0.08
			snow=0.08
			blizzard=0.01
			arctic_water=0.00
			mud=0.36
			sandstorm=0.00
			min_snow_level=0.00
		}
		period={
			between={ 0.3 29.3 }
			temperature={ -1.0 15.0 }
			no_phenomenon=0.43
			rain_light=0.25
			rain_heavy=0.08
			snow=0.08
			blizzard=0.01
			arctic_water=0.00
			mud=0.36
			sandstorm=0.00
			min_snow_level=0.00
		}
		period={
			between={ 0.4 30.4 }
			temperature={ 5.0 21.0 }
			no_phenomenon=0.51
			rain_light=0.27
			rain_heavy=0.10
			snow=0.00
			blizzard=0.00
			arctic_water=0.00
			mud=0.14
			sandstorm=0.00
			min_snow_level=0.00
		}
		period={
			between={ 0.5 29.5 }
			temperature={ 10.0 27.0 }
			no_phenomenon=0.51
			rain_light=0.27
			rain_heavy=0.10
			snow=0.00
			blizzard=0.00
			arctic_water=0.00
			mud=0.14
			sandstorm=0.00
			min_snow_level=0.00
		}
		period={
			between={ 0.6 30.6 }
			temperature={ 13.0 30.0 }
			no_phenomenon=0.51
			rain_light=0.27
			rain_heavy=0.10
			snow=0.00
			blizzard=0.00
			arctic_water=0.00
			mud=0.14
			sandstorm=0.00
			min_snow_level=0.00
		}
		period={
			between={ 0.7 30.7 }
			temperature={ 11.0 28.0 }
			no_phenomenon=0.51
			rain_light=0.27
			rain_heavy=0.10
			snow=0.00
			blizzard=0.00
			arctic_water=0.00
			mud=0.14
			sandstorm=0.00
			min_snow_level=0.00
		}
		period={
			between={ 0.8 29.8 }
			temperature={ 6.0 22.0 }
			no_phenomenon=0.51
			rain_light=0.27
			rain_heavy=0.10
			snow=0.00
			blizzard=0.00
			arctic_water=0.00
			mud=0.14
			sandstorm=0.00
			min_snow_level=0.00
		}
		period={
			between={ 0.9 30.9 }
			temperature={ -1.0 14.0 }
			no_phenomenon=0.43
			rain_light=0.25
			rain_heavy=0.08
			snow=0.08
			blizzard=0.01
			arctic_water=0.00
			mud=0.36
			sandstorm=0.00
			min_snow_level=0.00
		}
		period={
			between={ 0.10 29.10 }
			temperature={ -8.0 6.0 }
			no_phenomenon=0.43
			rain_light=0.25
			rain_heavy=0.08
			snow=0.08
			blizzard=0.01
			arctic_water=0.00
			mud=0.36
			sandstorm=0.00
			min_snow_level=0.00
		}
		period={
			between={ 0.11 30.11 }
			temperature={ -15.0 0.0 }
			no_phenomenon=0.39
			rain_light=0.10
			rain_heavy=0.03
			snow=0.31
			blizzard=0.09
			arctic_water=0.00
			mud=0.08
			sandstorm=0.00
			min_snow_level=0.00
		}
	}
}
