# Generated by tools/build_adiscord_strategic_regions.py
strategic_region={
	id=83
	name="STRATEGICREGION_83"
	provinces={
		170 203 224 230 234 244 255 257 290 306 366 407 413 417 427 468 485 550 580 618 663 701 758 780
		792 805 815 835 878 879 943 958 961 962 980 1012 1082 1099 1138 1152 1153 1154 1184 1190 1210 1213 1223 1261
		1276 1297 1353 1364 1367 1381 1403 1446 1448 1463 1469 1485 1489 1515 1585 1586 1589 1595 1596 1654 1691 1706 1717 1732
		1734 1735 1771 1782 1807 1822 1834 1839 1848 1896 1912 1929 1936 1944 1990 2029 2049 2105 2118 2130 2158 2177 2217 2218
		2228 2326 2335 2386 2459 2464 2471 2507 2510 2532 2580 2667 2695 2783 2843 2848 2849 2851 2900 2921 2936 2961 3020 3023
		3032 3049 3053 3073 3075 3093 3121 3152 3160 3163 3170 3174 3198 3199 3205 3206 3223 3232 3239 3251 3355 3360 3372 3440
		3442 3450 3463 3644 3649 3652 3682 3697 3700 3719 3772 3807 3837 3844 3855 3875 3891 3909 3912 3917 3955 3961 3962 3965
		4033 4059 4086 4120 4132 4141 4171 4184 4231 4243 4273 4281 4304 4313 4344 4362 4390 4442 4461 4474 4494 4602 4613 4622
		4645 4679 4731 4734 4776 4778 4789 4806 4818 4822 4886 4910 4914 4923 4958 5009 5026 5050 5088 5096 5130 5137 5168 5190
		5204 5216 5234 5239 5240 5271 5272 5332 5377 5390 5423 5426 5430 5434 5457 5461 5516 5565 5665 5725 5733 5749 5824 5896
		5900 5941 5974 5975 5985 5990 6001 6022 6042 6044 6052 6094 6113 6115 6116 6138 6169 6207 6229 6242 6258 6272 6297 6316
		6327 6339 6364 6374 6395 6493 6524 6532 6538 6555 6587 6598 6610 6617 6642 6705 6755 6900 6926 6931 6940 6944 6968 6984
		6995 7015 7027 7120 7127 7160 7161 7174 7180 7194 7212 7213 7218 7244 7286 7313 7330 7386 7398 7411 7480 7490 7547 7576
		7588 7610 7616 7648 7669 7677 7679 7680 7684 7744 7748 7795 7807 7831 7847 7866 7872 7919 7924 7929 7945 7946 7972 7976
		8002 8049 8065 8066 8097 8110 8127 8140 8152 8200 8201 8204 8207 8225 8230 8293 8312 8321 8330 8346 8362 8377 8388 8390
		8411 8426 8465 8533 8560 8572 8584 8591 8636 8681 8705 8721 8748 8767 8770 8816 8823 8860 8870 8892 8902 8922 8925 8991
		8998 9023 9087 9090 9147 9195 9232 9299 9307 9309 9338 9355 9357 9377 9423 9527 9547 9565 9573 9587 9627 9654 9666 9671
		9674 9689 9708 9749 9762 9783 9788 9797 9805 9815 9829 9834 9842 9844 9854 9873 9875 9920 9952 9986 9992 10046 10060 10105
		10142 10145 10149 10168 10173 10178 10210 10218 10257 10392 10410 10418 10430 10471 10476 10560 10570 10586 10612 10631 10642 10653 10665 10674
		10680 10772 10943 10945 10957 11040 11070 11119 11143 11168 11178 11221 11250 11251 11270 11293 11316 11376 11397 11407 11424 11426 11437 11482
		11484 11495 11498 11502 11516 11538 11577 11615 11619 11624 11634 11656 11727 11746 11755 11785 11809 11832 11834 11858 11914 11933 11947 11961
		11972 11988 11994 12048 12051 12056 12057 12075 12091 12107 12113 12116 12117 12118 12133 12169 12208 12239 12249 12318 12402 12461 12489 12534
		12593 12597 12619 12628 12656 12665 12690 12691 12716 12734 12736 12750 12783 12812 12839 12843 12845 12879 13012 13021
	}
	weather={
		period={
			between={ 0.0 30.0 }
			temperature={ -4.0 8.0 }
			no_phenomenon=0.52
			rain_light=0.18
			rain_heavy=0.06
			snow=0.14
			blizzard=0.02
			arctic_water=0.00
			mud=0.60
			sandstorm=0.00
			min_snow_level=0.00
		}
		period={
			between={ 0.1 27.1 }
			temperature={ -3.0 9.0 }
			no_phenomenon=0.52
			rain_light=0.18
			rain_heavy=0.06
			snow=0.14
			blizzard=0.02
			arctic_water=0.00
			mud=0.60
			sandstorm=0.00
			min_snow_level=0.00
		}
		period={
			between={ 0.2 30.2 }
			temperature={ 0.0 13.0 }
			no_phenomenon=0.46
			rain_light=0.40
			rain_heavy=0.14
			snow=0.03
			blizzard=0.00
			arctic_water=0.00
			mud=1.10
			sandstorm=0.00
			min_snow_level=0.00
		}
		period={
			between={ 0.3 29.3 }
			temperature={ 4.0 19.0 }
			no_phenomenon=0.46
			rain_light=0.40
			rain_heavy=0.14
			snow=0.03
			blizzard=0.00
			arctic_water=0.00
			mud=1.10
			sandstorm=0.00
			min_snow_level=0.00
		}
		period={
			between={ 0.4 30.4 }
			temperature={ 8.0 24.0 }
			no_phenomenon=0.50
			rain_light=0.45
			rain_heavy=0.18
			snow=0.00
			blizzard=0.00
			arctic_water=0.00
			mud=0.80
			sandstorm=0.00
			min_snow_level=0.00
		}
		period={
			between={ 0.5 29.5 }
			temperature={ 13.0 29.0 }
			no_phenomenon=0.50
			rain_light=0.45
			rain_heavy=0.18
			snow=0.00
			blizzard=0.00
			arctic_water=0.00
			mud=0.80
			sandstorm=0.00
			min_snow_level=0.00
		}
		period={
			between={ 0.6 30.6 }
			temperature={ 16.0 32.0 }
			no_phenomenon=0.50
			rain_light=0.45
			rain_heavy=0.18
			snow=0.00
			blizzard=0.00
			arctic_water=0.00
			mud=0.80
			sandstorm=0.00
			min_snow_level=0.00
		}
		period={
			between={ 0.7 30.7 }
			temperature={ 14.0 30.0 }
			no_phenomenon=0.50
			rain_light=0.45
			rain_heavy=0.18
			snow=0.00
			blizzard=0.00
			arctic_water=0.00
			mud=0.80
			sandstorm=0.00
			min_snow_level=0.00
		}
		period={
			between={ 0.8 29.8 }
			temperature={ 9.0 25.0 }
			no_phenomenon=0.50
			rain_light=0.45
			rain_heavy=0.18
			snow=0.00
			blizzard=0.00
			arctic_water=0.00
			mud=0.80
			sandstorm=0.00
			min_snow_level=0.00
		}
		period={
			between={ 0.9 30.9 }
			temperature={ 3.0 18.0 }
			no_phenomenon=0.46
			rain_light=0.40
			rain_heavy=0.14
			snow=0.03
			blizzard=0.00
			arctic_water=0.00
			mud=1.10
			sandstorm=0.00
			min_snow_level=0.00
		}
		period={
			between={ 0.10 29.10 }
			temperature={ 0.0 11.0 }
			no_phenomenon=0.46
			rain_light=0.40
			rain_heavy=0.14
			snow=0.03
			blizzard=0.00
			arctic_water=0.00
			mud=1.10
			sandstorm=0.00
			min_snow_level=0.00
		}
		period={
			between={ 0.11 30.11 }
			temperature={ -3.0 8.0 }
			no_phenomenon=0.52
			rain_light=0.18
			rain_heavy=0.06
			snow=0.14
			blizzard=0.02
			arctic_water=0.00
			mud=0.60
			sandstorm=0.00
			min_snow_level=0.00
		}
	}
}
