# Generated by tools/build_adiscord_strategic_regions.py
strategic_region={
	id=84
	name="STRATEGICREGION_84"
	provinces={
		206 208 216 223 247 270 277 312 383 397 421 424 465 512 515 528 533 541 628 637 641 646 654 655
		668 680 719 727 746 753 783 787 886 909 916 985 991 1002 1006 1031 1041 1042 1075 1116 1119 1122 1133 1137
		1140 1204 1214 1230 1231 1236 1237 1238 1273 1283 1293 1319 1361 1369 1405 1415 1419 1439 1445 1562 1577 1607 1624 1630
		1641 1652 1673 1676 1679 1719 1783 1826 1866 1877 1878 1886 1908 1953 1965 1986 2004 2032 2046 2085 2086 2094 2095 2099
		2135 2145 2161 2198 2207 2224 2225 2246 2248 2289 2316 2389 2476 2483 2484 2491 2506 2519 2525 2605 2666 2673 2679 2685
		2696 2701 2702 2707 2711 2728 2738 2778 2793 2860 2873 2893 2897 2907 2913 2918 2954 2997 3016 3033 3037 3052 3063 3066
		3090 3114 3138 3202 3230 3237 3272 3291 3295 3299 3338 3398 3417 3423 3426 3487 3509 3526 3543 3588 3622 3623 3669 3675
		3704 3723 3782 3841 3842 3864 3880 3937 3943 3969 3993 4005 4047 4073 4174 4188 4202 4228 4239 4250 4258 4268 4286 4298
		4317 4325 4354 4367 4372 4398 4402 4428 4441 4444 4445 4446 4458 4488 4497 4532 4546 4562 4589 4612 4628 4629 4643 4655
		4662 4750 4758 4826 4838 4854 4855 4893 4918 4921 4926 4936 4948 4960 4978 4983 4997 5005 5021 5036 5043 5060 5068 5079
		5101 5120 5121 5122 5126 5134 5141 5145 5152 5184 5189 5197 5222 5226 5237 5255 5256 5269 5300 5311 5316 5317 5318 5336
		5342 5343 5413 5425 5465 5533 5560 5618 5680 5687 5734 5777 5790 5791 5811 5829 5839 5840 5879 5882 5895 5944 6007 6035
		6074 6091 6114 6134 6172 6202 6249 6256 6267 6286 6298 6315 6344 6361 6367 6381 6386 6393 6396 6402 6404 6439 6458 6466
		6481 6492 6496 6500 6547 6562 6563 6596 6633 6765 6784 6795 6813 6826 6829 6871 6916 6919 6933 6942 6964 6983 7022 7024
		7035 7074 7093 7096 7099 7105 7124 7153 7159 7165 7183 7203 7211 7249 7255 7270 7272 7281 7300 7304 7349 7385 7397 7410
		7444 7446 7467 7476 7487 7507 7522 7524 7550 7558 7561 7574 7586 7595 7612 7638 7641 7653 7668 7672 7701 7710 7725 7733
		7734 7736 7741 7745 7756 7794 7806 7868 7871 7898 7900 7918 7921 7950 7952 7973 7997 8008 8010 8028 8038 8044 8047 8054
		8093 8103 8118 8135 8155 8168 8170 8176 8179 8199 8217 8227 8235 8240 8264 8288 8291 8391 8392 8403 8419 8427 8446 8503
		8508 8512 8526 8530 8547 8564 8578 8597 8600 8633 8639 8640 8662 8672 8678 8680 8690 8766 8779 8785 8791 8800 8862 8864
		8876 8917 8928 8973 9091 9097 9112 9142 9152 9185 9210 9218 9219 9229 9233 9252 9339 9358 9364 9372 9382 9400 9457 9468
		9476 9484 9510 9552 9629 9638 9645 9651 9655 9711 9722 9761 9799 9800 9868 9949 9959 9969 9972 9979 10002 10018 10023 10050
		10072 10081 10082 10090 10093 10126 10128 10132 10169 10172 10181 10231 10243 10267 10274 10288 10297 10307 10308 10316 10386 10412 10429 10435
		10437 10444 10460 10462 10484 10488 10491 10494 10567 10595 10658 10724 10737 10793 10804 10812 10817 10827 10837 10875 10900 10913 10936 10958
		11015 11032 11037 11039 11085 11109 11113 11121 11122 11128 11146 11155 11183 11184 11196 11255 11260 11265 11268 11292 11297 11299 11339 11353
		11387 11451 11466 11491 11537 11548 11596 11610 11611 11616 11651 11654 11676 11707 11716 11760 11776 11821 11865 11866 11876 11881 11919 11921
		11922 11928 11931 11948 11965 11987 12013 12016 12036 12046 12121 12139 12166 12171 12179 12185 12194 12196 12207 12212 12213 12225 12233 12236
		12263 12271 12328 12337 12343 12348 12384 12388 12390 12392 12440 12465 12516 12540 12556 12559 12566 12573 12595 12600 12604 12611 12622 12632
		12640 12659 12667 12684 12697 12760 12885 12900 12931 12941 12959 12963 12978 13001
	}
	weather={
		period={
			between={ 0.0 30.0 }
			temperature={ -4.0 8.0 }
			no_phenomenon=0.52
			rain_light=0.18
			rain_heavy=0.06
			snow=0.14
			blizzard=0.02
			arctic_water=0.00
			mud=0.60
			sandstorm=0.00
			min_snow_level=0.00
		}
		period={
			between={ 0.1 27.1 }
			temperature={ -3.0 9.0 }
			no_phenomenon=0.52
			rain_light=0.18
			rain_heavy=0.06
			snow=0.14
			blizzard=0.02
			arctic_water=0.00
			mud=0.60
			sandstorm=0.00
			min_snow_level=0.00
		}
		period={
			between={ 0.2 30.2 }
			temperature={ 0.0 13.0 }
			no_phenomenon=0.46
			rain_light=0.40
			rain_heavy=0.14
			snow=0.03
			blizzard=0.00
			arctic_water=0.00
			mud=1.10
			sandstorm=0.00
			min_snow_level=0.00
		}
		period={
			between={ 0.3 29.3 }
			temperature={ 4.0 19.0 }
			no_phenomenon=0.46
			rain_light=0.40
			rain_heavy=0.14
			snow=0.03
			blizzard=0.00
			arctic_water=0.00
			mud=1.10
			sandstorm=0.00
			min_snow_level=0.00
		}
		period={
			between={ 0.4 30.4 }
			temperature={ 8.0 24.0 }
			no_phenomenon=0.50
			rain_light=0.45
			rain_heavy=0.18
			snow=0.00
			blizzard=0.00
			arctic_water=0.00
			mud=0.80
			sandstorm=0.00
			min_snow_level=0.00
		}
		period={
			between={ 0.5 29.5 }
			temperature={ 13.0 29.0 }
			no_phenomenon=0.50
			rain_light=0.45
			rain_heavy=0.18
			snow=0.00
			blizzard=0.00
			arctic_water=0.00
			mud=0.80
			sandstorm=0.00
			min_snow_level=0.00
		}
		period={
			between={ 0.6 30.6 }
			temperature={ 16.0 32.0 }
			no_phenomenon=0.50
			rain_light=0.45
			rain_heavy=0.18
			snow=0.00
			blizzard=0.00
			arctic_water=0.00
			mud=0.80
			sandstorm=0.00
			min_snow_level=0.00
		}
		period={
			between={ 0.7 30.7 }
			temperature={ 14.0 30.0 }
			no_phenomenon=0.50
			rain_light=0.45
			rain_heavy=0.18
			snow=0.00
			blizzard=0.00
			arctic_water=0.00
			mud=0.80
			sandstorm=0.00
			min_snow_level=0.00
		}
		period={
			between={ 0.8 29.8 }
			temperature={ 9.0 25.0 }
			no_phenomenon=0.50
			rain_light=0.45
			rain_heavy=0.18
			snow=0.00
			blizzard=0.00
			arctic_water=0.00
			mud=0.80
			sandstorm=0.00
			min_snow_level=0.00
		}
		period={
			between={ 0.9 30.9 }
			temperature={ 3.0 18.0 }
			no_phenomenon=0.46
			rain_light=0.40
			rain_heavy=0.14
			snow=0.03
			blizzard=0.00
			arctic_water=0.00
			mud=1.10
			sandstorm=0.00
			min_snow_level=0.00
		}
		period={
			between={ 0.10 29.10 }
			temperature={ 0.0 11.0 }
			no_phenomenon=0.46
			rain_light=0.40
			rain_heavy=0.14
			snow=0.03
			blizzard=0.00
			arctic_water=0.00
			mud=1.10
			sandstorm=0.00
			min_snow_level=0.00
		}
		period={
			between={ 0.11 30.11 }
			temperature={ -3.0 8.0 }
			no_phenomenon=0.52
			rain_light=0.18
			rain_heavy=0.06
			snow=0.14
			blizzard=0.02
			arctic_water=0.00
			mud=0.60
			sandstorm=0.00
			min_snow_level=0.00
		}
	}
}
