# Generated by tools/build_adiscord_strategic_regions.py
strategic_region={
	id=85
	name="STRATEGICREGION_85"
	provinces={
		164 211 214 228 299 322 380 415 434 440 453 468 494 535 539 548 597 618 649 685 747 752 758 778
		780 781 788 795 815 817 840 879 908 933 941 962 997 1012 1027 1060 1063 1088 1099 1123 1134 1186 1205 1258
		1298 1301 1359 1367 1403 1408 1424 1456 1460 1464 1467 1478 1486 1509 1511 1536 1538 1548 1567 1588 1623 1651 1662 1671
		1717 1724 1726 1732 1734 1756 1758 1832 1836 1839 1887 1896 1931 1990 2020 2029 2064 2066 2079 2089 2091 2118 2177 2203
		2230 2236 2237 2300 2333 2335 2372 2378 2384 2420 2464 2568 2590 2592 2611 2615 2695 2700 2709 2729 2775 2800 2836 2921
		3000 3020 3075 3080 3116 3160 3163 3198 3206 3298 3339 3353 3355 3370 3389 3406 3421 3425 3450 3452 3460 3463 3477 3508
		3547 3582 3625 3652 3656 3660 3670 3680 3717 3745 3764 3800 3802 3814 3836 3875 3879 3926 3954 3962 3965 3970 4015 4021
		4063 4079 4086 4125 4145 4173 4203 4244 4289 4306 4313 4341 4368 4387 4442 4461 4469 4505 4514 4515 4525 4542 4583 4596
		4660 4669 4675 4684 4709 4711 4745 4789 4800 4806 4813 4818 4860 4862 4886 4891 4906 4916 4922 4950 5067 5073 5116 5130
		5137 5164 5168 5176 5191 5192 5216 5221 5229 5233 5242 5251 5312 5339 5356 5377 5379 5427 5428 5436 5464 5512 5526 5538
		5565 5583 5593 5645 5665 5675 5696 5713 5718 5725 5731 5745 5759 5761 5845 5860 5880 5884 5900 5925 5953 5977 6013 6024
		6032 6043 6113 6170 6208 6223 6242 6246 6272 6281 6287 6297 6326 6353 6364 6374 6395 6417 6488 6532 6587 6604 6615 6642
		6651 6663 6681 6683 6715 6731 6750 6775 6926 6931 6944 6948 6968 6975 6977 6990 7018 7052 7055 7069 7092 7102 7144 7180
		7213 7232 7268 7279 7303 7316 7333 7335 7374 7398 7418 7490 7536 7547 7560 7576 7581 7662 7669 7684 7697 7749 7802 7862
		7877 7924 7960 7966 7969 8014 8041 8049 8065 8066 8075 8078 8083 8085 8097 8158 8172 8200 8225 8247 8277 8295 8303 8346
		8373 8388 8390 8406 8440 8469 8494 8513 8529 8533 8558 8647 8693 8701 8713 8749 8767 8786 8816 8823 8930 8944 8984 8991
		9009 9017 9024 9060 9082 9114 9143 9144 9147 9156 9166 9177 9182 9223 9245 9286 9307 9309 9319 9341 9347 9365 9380 9383
		9409 9425 9434 9491 9521 9522 9538 9547 9574 9615 9635 9666 9667 9671 9689 9690 9726 9783 9805 9812 9823 9829 9844 9854
		9882 9911 9926 9936 9945 9952 9953 9955 10011 10017 10022 10043 10086 10096 10133 10134 10142 10145 10149 10199 10240 10289 10320 10346
		10361 10364 10370 10392 10405 10471 10519 10523 10524 10570 10633 10665 10670 10674 10677 10705 10822 10833 10854 10863 10943 10953 10995 11025
		11034 11036 11040 11046 11103 11133 11148 11154 11162 11173 11197 11231 11294 11302 11313 11322 11325 11331 11336 11345 11350 11374 11376 11407
		11426 11437 11455 11457 11461 11470 11482 11489 11503 11541 11553 11573 11608 11615 11634 11656 11668 11722 11750 11755 11784 11785 11787 11792
		11838 11882 11895 11898 11933 11955 11972 12011 12015 12021 12024 12120 12205 12211 12252 12290 12358 12362 12438 12461 12534 12536 12593 12656
		12690 12691 12700 12716 12759 12802 12812 12818 12843 12912 12952 12956 12964 12969 13021
	}
	weather={
		period={
			between={ 0.0 30.0 }
			temperature={ -10.0 5.0 }
			no_phenomenon=0.45
			rain_light=0.13
			rain_heavy=0.03
			snow=0.25
			blizzard=0.05
			arctic_water=0.00
			mud=0.10
			sandstorm=0.00
			min_snow_level=0.00
		}
		period={
			between={ 0.1 27.1 }
			temperature={ -8.0 7.0 }
			no_phenomenon=0.45
			rain_light=0.13
			rain_heavy=0.03
			snow=0.25
			blizzard=0.05
			arctic_water=0.00
			mud=0.10
			sandstorm=0.00
			min_snow_level=0.00
		}
		period={
			between={ 0.2 30.2 }
			temperature={ -3.0 13.0 }
			no_phenomenon=0.43
			rain_light=0.27
			rain_heavy=0.09
			snow=0.05
			blizzard=0.00
			arctic_water=0.00
			mud=0.34
			sandstorm=0.00
			min_snow_level=0.00
		}
		period={
			between={ 0.3 29.3 }
			temperature={ 3.0 19.0 }
			no_phenomenon=0.43
			rain_light=0.27
			rain_heavy=0.09
			snow=0.05
			blizzard=0.00
			arctic_water=0.00
			mud=0.34
			sandstorm=0.00
			min_snow_level=0.00
		}
		period={
			between={ 0.4 30.4 }
			temperature={ 8.0 24.0 }
			no_phenomenon=0.50
			rain_light=0.28
			rain_heavy=0.12
			snow=0.00
			blizzard=0.00
			arctic_water=0.00
			mud=0.14
			sandstorm=0.00
			min_snow_level=0.00
		}
		period={
			between={ 0.5 29.5 }
			temperature={ 13.0 29.0 }
			no_phenomenon=0.50
			rain_light=0.28
			rain_heavy=0.12
			snow=0.00
			blizzard=0.00
			arctic_water=0.00
			mud=0.14
			sandstorm=0.00
			min_snow_level=0.00
		}
		period={
			between={ 0.6 30.6 }
			temperature={ 16.0 32.0 }
			no_phenomenon=0.50
			rain_light=0.28
			rain_heavy=0.12
			snow=0.00
			blizzard=0.00
			arctic_water=0.00
			mud=0.14
			sandstorm=0.00
			min_snow_level=0.00
		}
		period={
			between={ 0.7 30.7 }
			temperature={ 14.0 30.0 }
			no_phenomenon=0.50
			rain_light=0.28
			rain_heavy=0.12
			snow=0.00
			blizzard=0.00
			arctic_water=0.00
			mud=0.14
			sandstorm=0.00
			min_snow_level=0.00
		}
		period={
			between={ 0.8 29.8 }
			temperature={ 9.0 25.0 }
			no_phenomenon=0.50
			rain_light=0.28
			rain_heavy=0.12
			snow=0.00
			blizzard=0.00
			arctic_water=0.00
			mud=0.14
			sandstorm=0.00
			min_snow_level=0.00
		}
		period={
			between={ 0.9 30.9 }
			temperature={ 3.0 18.0 }
			no_phenomenon=0.43
			rain_light=0.27
			rain_heavy=0.09
			snow=0.05
			blizzard=0.00
			arctic_water=0.00
			mud=0.34
			sandstorm=0.00
			min_snow_level=0.00
		}
		period={
			between={ 0.10 29.10 }
			temperature={ -3.0 11.0 }
			no_phenomenon=0.43
			rain_light=0.27
			rain_heavy=0.09
			snow=0.05
			blizzard=0.00
			arctic_water=0.00
			mud=0.34
			sandstorm=0.00
			min_snow_level=0.00
		}
		period={
			between={ 0.11 30.11 }
			temperature={ -8.0 6.0 }
			no_phenomenon=0.45
			rain_light=0.13
			rain_heavy=0.03
			snow=0.25
			blizzard=0.05
			arctic_water=0.00
			mud=0.10
			sandstorm=0.00
			min_snow_level=0.00
		}
	}
}
