2 11 16345 16460 149 63 45 150 70 68 16374 16377 16386 
1 8 16441 16363 16362 71 10 16445 55 149 
1 7 150 16462 110 16450 101 16431 114 
1 3 16529 16459 16460 
1 3 16529 95 16450 
1 4 16496 16371 16364 70 
1 5 16451 16439 4220 16430 45 
1 6 16447 65 11534 82 60 68 
1 5 16447 115 69 16354 16452 
1 5 16452 16378 53 94 16527 
1 3 16527 27 4220 
1 4 16547 119 25 16527 
1 3 16547 16541 71 
1 5 16356 62 22 78 16363 
1 4 16356 87 90 16378 
1 10 16441 16346 16380 121 7986 9840 11 14 85 16372 
1 8 11 8979 118 129 66 16365 5736 16452 
1 3 16356 13 8979 
1 3 16496 16470 4220 
1 8 16533 16503 30 16498 61 4 48 16372 
1 7 16372 6 11496 7283 33 58 129 
1 7 16521 16530 6670 1142 9333 779 16511 
1 7 16511 16493 10917 16478 16501 9126 9617 
1 4 16478 16472 11646 6670 
1 3 16296 4369 9126 
1 6 16511 6519 11913 10693 12878 16526 
1 5 16521 16535 4712 5388 16534 
1 7 16534 721 11452 9757 3481 16336 16522 
1 9 16522 16453 16507 333 12581 16536 3941 16463 16509 
1 3 16537 16469 16453 
1 5 16509 16490 8500 6151 16516 
1 5 16516 16475 894 16532 16517 
1 8 16341 16340 16299 3595 4214 3790 10360 9126 
1 5 16341 16339 5606 6440 1493 
1 8 1493 16474 128 91 104 98 100 16345 
1 2 16349 98 
1 3 104 1394 16341 
5 16 6104 9478 9413 292 346 3707 8565 11051 10261 12192 6790 16402 16425 16398 16399 6713 
1 4 6713 16420 16414 3248 
1 3 16399 7885 16388 
1 3 7885 16395 12227 
1 7 12227 16392 16407 754 7412 16413 6790 
1 3 16426 6300 16414 
1 4 16388 16410 16421 16426 
1 4 3248 9259 9967 16397 
1 4 16397 16387 5444 16402 
1 6 9617 16435 114 125 16436 16448 
1 2 16296 114 
1 3 95 16432 16435 
1 5 16526 16513 16484 8855 16463 
1 3 16518 16508 2226 
1 6 2226 841 2241 10421 2841 4214 
1 9 16518 11398 2825 2395 2952 9994 1112 16525 16517 
1 13 16426 16408 7564 5090 1853 3031 8803 2490 10015 4148 11877 3567 3083 
1 20 3083 10624 10034 6141 12436 8462 11170 9971 4512 4785 3677 9846 650 5971 1707 4580 10571 10950 8557 2741 
1 8 2741 4533 4713 2768 10811 11719 16480 16525 
1 23 3127 8724 6495 11747 7399 169 5210 1422 6590 2456 1696 11005 3115 3407 676 8993 8095 6351 4919 4626 6740 11833 12436 
1 2 16440 55 
1 3 16519 16521 16515 
1 8 16566 292 5607 2652 2238 11743 1492 16574 
1 11 6790 6378 1067 12130 4569 8316 8315 12763 5872 16580 16594 
1 6 16587 12971 9460 9225 592 8316 
1 9 16587 10261 10926 9500 3583 6551 16396 10146 16397 
1 3 592 16579 12130 
1 6 16594 16575 1477 6104 2926 16574 
1 6 16594 16586 3297 10147 16562 16569 
1 4 16576 3321 2621 10147 
1 7 16574 5772 2949 361 11209 16593 6192 
1 6 7778 16583 10699 6506 385 3583 
1 3 8565 4156 16584 
1 10 3248 16409 3913 8016 12404 12365 8080 9279 16565 16589 
1 11 16585 5360 16592 4857 3149 16588 12137 11930 8740 16564 7778 
1 5 16582 9833 2866 3905 16564 
1 8 16379 16367 16355 16361 16370 5135 6801 16578 
1 21 5135 12072 1029 7764 3743 10388 9453 7869 1128 2339 5469 2571 9908 2620 5568 161 4802 3147 9186 8071 12227 
1 2 8059 2620 
1 16 5912 624 3418 6729 930 7974 9323 12984 13011 4571 12367 2452 11080 8919 4880 16410 
1 2 16571 9323 
1 10 16568 694 5611 2380 12076 8328 11815 4567 6010 16361 
1 3 16591 5859 6801 
1 2 11274 8315 
1 2 16590 4802 
1 4 16590 561 7703 4569 
1 5 16585 2516 8704 16573 16589 
1 11 8704 6543 5408 1386 10016 7420 3322 3027 5157 3792 8722 
1 7 8722 2937 7352 2285 2817 10751 11005 
1 20 6495 6000 5979 6870 9041 910 9308 7567 12366 7178 8981 691 7790 6015 11334 7786 16327 1907 16504 16469 
1 10 2741 7650 2743 12231 8535 6669 10977 8259 9031 11334 
1 9 2741 5194 6220 6652 10726 8655 11688 10888 5210 
1 9 7129 6253 6799 1111 8032 647 7230 10345 2339 
1 5 11944 7731 4091 782 11743 
1 23 16508 16325 8670 3911 16335 16306 5856 877 6354 3363 1465 10915 5831 12841 8061 3624 6388 11259 8900 10893 1703 7461 8994 
1 14 8994 8642 136 112 147 16342 16348 31 79 105 50 86 16471 16533 
1 10 16523 2298 2558 1613 10321 12774 6387 1179 16321 1465 
1 4 16472 16510 16555 4369 
1 4 16478 728 10598 3790 
1 3 16296 16297 16519 
1 7 16515 4712 6369 16645 11211 10985 779 
1 3 11452 11664 11211 
1 3 16369 16441 12434 
1 2 16444 16346 
1 12 16346 16353 16644 80 16652 8 9395 42 74 34 13029 85 
1 2 16649 7283 
1 2 16648 58 
1 2 16646 6 
1 4 16451 16443 57 69 
1 5 16443 16449 49 16491 82 
1 2 16496 16491 
1 7 16349 10254 16382 16383 43 16344 71 
1 2 16405 6713 
1 3 16405 9958 16387 
1 7 16560 16612 5245 9159 4081 8877 6192 
1 8 4081 6774 8064 2539 3823 16576 16558 16569 
1 2 4841 16580 
1 3 16570 16572 16594 
1 4 16641 1250 11795 8016 
1 2 16643 12404 
1 2 6551 16615 
1 2 16400 754 
1 2 16376 16355 
1 6 16568 694 5611 2380 12076 8328 
1 5 16619 1581 5376 265 3083 
1 9 11080 6465 12508 10990 5314 12930 4501 11472 16619 
1 2 16624 11080 
1 2 16614 1853 
1 6 16617 4616 5405 9937 3762 4148 
1 6 16617 1061 1794 16637 5666 6543 
1 6 9279 1218 5905 4270 16596 16617 
1 9 5905 1915 11640 660 5866 10215 5090 2643 3031 
1 22 7974 5076 4798 404 4924 4423 16618 6927 2565 6730 16625 12093 8987 16622 8019 10555 8912 12946 10747 13007 7954 930 
1 4 16625 7959 5844 7129 
1 11 7230 3928 10864 2623 2304 4524 11185 9366 7379 6383 4571 
1 6 12227 16394 8827 12099 12920 7379 
1 3 2452 1818 12099 
1 6 16619 6456 976 2159 12832 8803 
1 4 5905 11311 4197 2490 
1 3 16623 6560 1386 
1 8 7778 16595 6716 6764 8323 8570 741 346 
1 2 8243 16593 
1 3 16640 5973 2539 
1 10 3584 4218 12173 8685 762 6341 12923 16626 16605 1386 
1 2 16639 16531 
1 3 16546 11010 2558 
1 11 16546 16545 7445 4051 5637 10617 11425 8664 5195 9439 16518 
1 14 16639 10563 12635 5961 4899 3728 5780 564 7706 876 12361 7164 6196 4580 
1 3 16489 5161 6669 
1 6 42 75 5421 16 107 50 
1 4 16631 67 81 16646 
