1 11 
1 45 
1 75 
1 176 
1 259 
1 569 
1 1493 
1 2226 
1 2339 
1 2952 
1 3083 
1 3248 
1 3595 
1 4218 
1 6713 
1 7129 
1 7567 
1 8032 
1 8535 
1 9104 
1 10016 
1 10693 
1 12227 
1 12930 
1 16339 
1 16340 
1 16355 
1 16356 
1 16365 
1 16372 
1 16374 
1 16388 
1 16397 
1 16426 
1 16439 
1 16440 
1 16441 
1 16447 
1 16450 
1 16452 
1 16478 
1 16496 
1 16511 
1 16517 
1 16521 
1 16527 
1 16531 
1 16533 
1 16547 
1 16556 
1 16566 
1 16568 
1 16571 
1 16574 
1 16582 
1 16584 
1 16585 
1 16591 
1 16593 
1 16594 
1 16622 
