1;769.00;9.50;2030.00;big
1;1324.00;9.50;1862.00;big
2;1941.00;11.60;485.00;small
2;3341.00;10.52;743.00;small
3;165.00;10.55;1983.00;small
3;240.00;10.50;1853.00;small
4;1993.00;10.65;1112.00;small
5;1091.00;10.50;1069.00;small
6;2839.00;11.55;1072.00;big
6;2912.00;13.00;1030.00;big
7;2852.00;11.30;887.00;big
7;2926.00;12.02;957.00;big
8;2905.00;11.40;846.00;big
8;2976.00;11.52;789.00;big
9;2960.00;11.50;689.00;big
9;3029.00;10.10;622.00;big
10;3090.00;12.07;876.00;big
10;3164.00;12.50;908.00;big
11;3251.00;11.50;842.00;big
11;3306.00;11.80;868.00;big
12;3140.00;14.87;718.00;big
12;3180.00;12.82;706.00;big
13;3244.00;13.95;656.00;big
13;3303.00;12.60;673.00;big
14;3422.00;11.02;597.00;small
14;3473.00;11.60;662.00;small
15;3766.00;10.70;1091.00;big
15;3809.00;10.50;1127.00;big
16;3820.00;10.30;972.00;big
16;3763.00;10.50;1010.00;big
17;3650.00;10.30;1026.00;big
17;3686.00;11.10;1018.00;big
18;3720.00;10.70;907.00;small
18;3692.00;12.60;929.00;small
19;3453.00;12.80;1043.00;big
19;3518.00;13.80;968.00;big
20;3511.00;13.92;828.00;big
20;3577.00;10.00;894.00;big
21;3394.00;14.30;826.00;small
21;3457.00;11.85;861.00;small
22;3626.00;10.80;835.00;big
22;3666.00;11.55;863.00;big
23;3526.00;12.60;755.00;big
23;3606.00;13.35;774.00;big
24;3703.00;14.90;588.00;big
24;3799.00;11.60;683.00;big
25;3403.00;10.55;524.00;small
25;3507.00;10.50;459.00;small
26;3266.00;9.50;1729.00;big
26;3588.00;9.50;1990.00;big
27;4691.00;9.50;1991.00;big
27;5161.00;9.50;1812.00;big
28;340.00;9.50;1457.00;big
28;822.00;9.50;1451.00;big
29;3033.00;9.50;1287.00;big
29;3380.00;9.50;1378.00;big
30;4589.00;9.50;1300.00;big
30;5172.00;9.50;1245.00;big
31;728.00;9.50;1079.00;big
31;1095.00;9.50;1150.00;big
32;2189.00;9.50;1184.00;big
32;2199.00;9.50;1713.00;big
33;4324.00;9.50;772.00;big
33;4625.00;9.50;1143.00;big
34;347.00;9.50;653.00;big
34;902.00;9.50;805.00;big
35;3029.00;9.50;525.00;small
36;4688.00;9.50;592.00;small
36;4764.00;9.50;533.00;small
37;1068.00;9.50;101.00;big
37;1605.00;9.50;650.00;big
38;3367.00;9.50;570.00;big
38;3609.00;9.50;471.00;big
39;4597.00;9.50;385.00;big
39;5115.00;9.50;61.00;big
40;3993.00;11.45;615.00;big
40;4122.00;11.60;701.00;big
41;3849.00;12.05;831.00;big
41;3917.00;12.02;797.00;big
42;4003.00;10.60;988.00;big
42;4062.00;12.80;915.00;big
43;4132.00;11.57;1867.00;big
43;4479.00;11.52;1850.00;big
44;3879.00;10.52;1644.00;small
44;3815.00;11.35;1731.00;small
45;3752.00;10.40;1618.00;small
45;3589.00;10.55;1715.00;small
46;3389.00;10.85;1653.00;small
46;3479.00;10.50;1660.00;small
47;4262.00;10.80;1498.00;big
47;4479.00;11.45;1547.00;big
48;3231.00;10.57;1543.00;small
49;4187.00;10.75;1513.00;small
50;4343.00;10.55;1466.00;small
51;4068.00;11.15;1476.00;small
52;4598.00;10.65;1414.00;small
52;4590.00;10.80;1465.00;small
53;3814.00;10.50;1518.00;big
53;3930.00;10.50;1385.00;big
54;3683.00;11.30;1280.00;big
54;3760.00;11.10;1339.00;big
55;3139.00;13.32;1314.00;big
55;3257.00;10.60;1472.00;big
56;3416.00;10.80;1268.00;big
56;3562.00;11.80;1368.00;big
57;4499.00;10.50;1294.00;small
58;3738.00;10.75;1223.00;small
59;3155.00;14.30;1265.00;big
59;3204.00;12.60;1273.00;big
60;4333.00;10.30;1162.00;small
61;3966.00;11.90;1156.00;big
61;4026.00;10.60;1157.00;big
62;3319.00;10.40;1119.00;big
62;3408.00;12.57;1044.00;big
63;3533.00;12.50;1153.00;big
63;3600.00;11.50;1102.00;big
64;4328.00;10.50;1103.00;small
65;3092.00;11.40;1035.00;big
65;3117.00;14.00;1101.00;big
66;4212.00;10.80;1084.00;small
67;3500.00;14.47;1022.00;small
68;3241.00;12.87;951.00;big
68;3313.00;10.57;1018.00;big
69;2231.00;10.50;1934.00;small
70;2632.00;10.30;560.00;small
71;1213.00;10.60;857.00;small
72;1022.00;10.80;1417.00;small
73;1408.00;10.50;420.00;small
74;2689.00;10.30;599.00;small
75;1377.00;11.05;1415.00;small
76;2323.00;10.50;1272.00;big
76;2310.00;11.12;1331.00;big
77;1986.00;13.85;674.00;big
77;2065.00;13.30;636.00;big
78;1762.00;10.80;1580.00;small
78;1865.00;11.10;1518.00;small
79;1715.00;12.05;143.00;small
80;1282.00;11.95;1054.00;small
81;1411.00;11.00;1731.00;small
82;1555.00;10.80;555.00;small
83;1567.00;13.40;1037.00;big
83;1629.00;13.87;967.00;big
84;1423.00;12.50;583.00;small
85;2310.00;10.50;297.00;small
86;2450.00;11.15;898.00;big
86;2489.00;11.05;893.00;big
87;2127.00;10.80;1700.00;small
88;1948.00;10.40;264.00;small
88;2023.00;11.45;370.00;small
89;1751.00;11.07;1258.00;big
89;1871.00;13.70;1317.00;big
90;2550.00;11.50;1754.00;small
90;2624.00;10.75;1620.00;small
91;2422.00;11.00;180.00;small
92;1624.00;10.60;1784.00;small
93;2362.00;11.00;1780.00;small
93;2412.00;10.57;1803.00;small
94;1780.00;10.30;1975.00;small
94;1913.00;10.60;1898.00;small
95;2067.00;12.55;1435.00;big
95;2117.00;14.10;1490.00;big
96;1479.00;12.60;1559.00;small
96;1453.00;13.10;1613.00;small
97;1591.00;11.10;276.00;small
98;2410.00;12.95;1375.00;small
98;2435.00;11.20;1342.00;small
99;1243.00;11.35;1453.00;small
100;1375.00;10.45;1036.00;small
101;2644.00;11.15;1459.00;small
101;2776.00;12.05;1553.00;small
102;1577.00;15.40;1298.00;small
102;1509.00;12.90;1336.00;small
103;2297.00;13.90;666.00;small
103;2409.00;10.45;715.00;small
104;1761.00;10.55;705.00;small
104;1754.00;12.07;737.00;small
105;1718.00;11.10;325.00;small
105;1765.00;11.60;430.00;small
106;2291.00;11.95;480.00;small
106;2229.00;12.45;512.00;small
107;1404.00;13.70;821.00;small
107;1437.00;10.30;947.00;small
108;1910.00;11.80;1837.00;small
109;2210.00;11.95;873.00;small
109;2251.00;13.25;894.00;small
110;2624.00;11.00;677.00;big
110;2583.00;12.35;721.00;big
111;1187.00;10.50;695.00;small
112;1515.00;12.52;764.00;small
112;1551.00;12.00;717.00;small
113;1132.00;12.60;1544.00;small
113;1084.00;12.30;1600.00;small
114;1804.00;12.90;507.00;small
114;1889.00;13.00;562.00;small
115;2207.00;13.80;1489.00;small
115;2254.00;10.60;1577.00;small
116;1815.00;12.00;1427.00;small
116;1773.00;10.60;1454.00;small
117;2060.00;11.10;1316.00;big
117;2131.00;10.45;1228.00;big
118;2438.00;10.30;1258.00;small
118;2479.00;10.55;1211.00;small
119;1773.00;10.45;1732.00;small
120;1985.00;11.90;1619.00;small
120;2105.00;10.80;1698.00;small
121;1368.00;17.22;1135.00;small
121;1388.00;15.80;1157.00;small
122;2510.00;11.50;481.00;small
122;2566.00;10.50;453.00;small
123;2186.00;10.60;1902.00;small
124;2217.00;11.00;1223.00;small
125;2692.00;12.00;672.00;small
125;2663.00;11.25;717.00;small
126;1313.00;12.40;1491.00;small
126;1409.00;10.65;1496.00;small
127;1786.00;11.52;284.00;small
127;1830.00;11.10;191.00;small
128;2522.00;10.80;553.00;small
129;1453.00;10.95;330.00;small
129;1493.00;10.80;405.00;small
130;1759.00;12.20;1333.00;small
130;1734.00;11.65;1363.00;small
131;1757.00;10.55;1065.00;small
131;1913.00;10.52;1169.00;small
132;5065.00;10.95;1067.00;small
133;1327.00;12.52;1349.00;small
134;2035.00;10.52;1791.00;small
135;1496.00;17.40;1154.00;small
135;1544.00;12.70;1188.00;small
136;2059.00;11.95;548.00;small
136;2119.00;15.30;515.00;small
137;2196.00;11.70;672.00;big
137;2317.00;11.20;768.00;big
138;2193.00;10.60;383.00;small
138;2101.00;12.55;424.00;small
139;1922.00;10.75;916.00;small
139;2039.00;10.30;898.00;small
140;1530.00;12.65;1504.00;small
140;1591.00;10.50;1395.00;small
141;4241.00;10.30;939.00;small
142;4283.00;10.30;928.00;small
143;2080.00;10.55;869.00;small
143;2118.00;12.57;802.00;small
144;1317.00;10.15;1773.00;small
145;1903.00;11.30;1316.00;small
145;1936.00;10.75;1315.00;small
146;1603.00;10.30;527.00;small
146;1649.00;12.15;593.00;small
147;2546.00;11.15;279.00;small
148;1864.00;13.50;728.00;small
148;1916.00;13.20;760.00;small
149;1765.00;11.45;815.00;big
149;1804.00;12.02;862.00;big
150;1842.00;10.60;345.00;small
151;2437.00;10.90;686.00;big
151;2480.00;11.52;821.00;big
152;4151.00;10.30;818.00;small
153;5005.00;13.00;620.00;big
153;5206.00;10.70;653.00;big
154;4136.00;10.20;801.00;small
155;5536.99;10.60;800.00;small
156;4177.00;9.80;740.00;small
157;4163.00;10.10;732.00;small
158;5444.00;10.70;668.00;small
159;1638.00;10.57;1097.00;big
159;1660.00;13.70;1140.00;big
160;4534.00;10.45;639.00;small
161;4331.00;11.10;627.00;small
162;1636.00;11.20;745.00;small
162;1674.00;11.90;690.00;small
163;1415.00;11.15;681.00;big
163;1461.00;11.75;658.00;big
164;2318.00;10.60;521.00;small
164;2383.00;10.90;561.00;small
165;2109.00;12.15;1649.00;small
165;2136.00;10.80;1684.00;small
166;2179.00;11.20;1410.00;small
166;2223.00;15.15;1434.00;small
167;4813.00;10.85;603.00;small
168;2385.00;10.35;845.00;big
168;2401.00;10.80;888.00;big
169;1794.00;12.60;605.00;small
169;1848.00;14.30;645.00;small
170;1561.00;11.25;1522.00;small
170;1603.00;10.50;1515.00;small
171;5329.00;10.52;564.00;small
172;4886.00;12.30;573.00;small
172;4998.00;10.57;586.00;small
173;4755.00;10.80;564.00;small
174;5399.00;10.65;548.00;small
175;1981.00;10.45;402.00;small
175;2022.00;10.40;432.00;small
176;2565.00;12.15;814.00;small
176;2596.00;10.20;850.00;small
177;1495.00;12.90;855.00;big
177;1536.00;17.20;927.00;big
178;5400.00;10.50;492.00;small
179;1490.00;10.80;1077.00;small
179;1500.00;12.52;1110.00;small
180;4716.00;10.55;490.00;small
181;1659.00;11.60;421.00;small
182;1296.00;12.25;621.00;small
183;1062.00;11.10;1528.00;small
184;4974.00;10.60;465.00;small
185;4292.00;10.80;352.00;big
185;4423.00;12.30;435.00;big
186;5023.00;10.50;443.00;small
187;1636.00;12.15;864.00;big
187;1687.00;13.40;911.00;big
188;4949.00;10.57;420.00;small
189;1033.00;10.10;300.00;small
190;3016.00;10.50;418.00;small
191;2786.00;10.40;488.00;small
191;2899.00;10.45;390.00;small
192;2951.00;10.50;414.00;small
193;3245.00;10.85;392.00;small
194;3094.00;10.10;385.00;small
195;3206.00;10.50;372.00;small
196;3894.00;11.07;358.00;small
197;1412.00;15.60;1201.00;small
197;1453.00;10.95;1294.00;small
198;3770.00;9.60;350.00;small
199;3818.00;10.45;334.00;small
200;2445.00;10.60;644.00;small
200;2477.00;10.45;635.00;small
201;4020.00;10.10;305.00;small
202;1227.00;14.05;1659.00;small
203;1698.00;14.30;1197.00;big
203;1577.00;11.67;1246.00;big
204;4367.00;10.75;292.00;small
205;4161.00;10.80;265.00;small
206;1312.00;11.60;764.00;small
207;1968.00;12.65;1717.00;small
208;1908.00;13.55;1431.00;small
208;1951.00;10.60;1361.00;small
209;1444.00;10.60;1356.00;small
209;1471.00;12.15;1356.00;small
210;1329.00;13.35;1616.00;small
211;4296.00;10.35;240.00;small
212;4954.00;10.65;236.00;small
213;2309.00;11.35;389.00;small
214;2332.00;12.05;1524.00;small
214;2402.00;12.40;1466.00;small
215;4165.00;10.70;225.00;small
216;3707.00;10.57;213.00;small
217;4105.00;10.50;211.00;small
218;5122.00;10.55;210.00;small
219;3725.00;10.30;190.00;small
220;3856.00;11.20;171.00;small
220;3946.00;10.57;96.00;small
221;3691.00;10.80;146.00;small
222;3644.00;10.50;144.00;small
223;3764.00;10.57;149.00;small
224;3885.00;10.35;141.00;small
225;3788.00;10.30;111.00;small
226;3766.00;10.20;110.00;small
227;2449.00;11.00;380.00;small
228;3637.00;10.25;1030.00;small
229;3710.00;9.50;1068.00;small
230;3747.00;9.50;869.00;small
231;3916.00;9.50;1000.00;small
232;3786.00;9.50;1170.00;small
233;2624.00;9.50;932.00;big
233;2592.00;9.50;1025.00;big
233;2502.00;9.50;1141.00;big
233;2667.00;9.50;1241.00;big
234;2827.00;9.50;1707.00;big
234;2783.00;9.50;1851.00;big
234;2789.00;9.50;1985.00;big
235;2671.00;9.50;1284.00;big
235;2797.00;9.50;1437.00;big
235;2772.00;9.50;1581.00;big
236;2630.00;9.50;490.00;big
236;2814.00;9.50;566.00;big
236;2776.00;9.50;710.00;big
236;2777.00;10.30;841.00;big
237;2604.00;9.50;121.00;big
237;2676.00;9.50;287.00;big
237;2748.00;9.50;31.00;big
237;2881.00;9.50;262.00;big
237;3055.00;9.50;165.00;big
237;3218.00;9.50;60.00;big
