# Generated by tools/build_adiscord_outer_states.py
# adiscord_climate_region = left_subarctic_continental
state = {
	id = 478
	name = "STATE_478"
	manpower = 0
	state_category = rural
	provinces = {
		358 1005 1124 1135 1412 1458 1923 1934 2016 2579 2653 3096 3193 3413 3445 3510
		3975 4012 4168 4187 4191 4264 4427 4549 4558 4624 4625 4772 5103 5181 5480 5496
		5678 5686 5778 5794 5821 6060 6070 6085 6216 6490 6572 6978 6989 7166 7280 7363
		7390 7720 7846 8281 8430 8483 8637 8788 8999 9342 9504 9542 9648 9701 9865 9913
		9947 9977 9981 10468 10710 11016 11175 11475 11499 11736 11954 11964 12299 12754 12905
	}
	buildings_max_level_factor = 1.000
	local_supplies = 0.0
}
