# Generated by tools/build_adiscord_outer_states.py
# adiscord_climate_region = left_subarctic_continental
state = {
	id = 479
	name = "STATE_479"
	manpower = 1
	state_category = rural
	provinces = {
		291 344 398 598 625 669 716 996 1018 1086 1151 1183 1294 1518 1665 1793
		1948 2074 2216 2250 2330 2406 2691 2731 2762 2788 3285 3399 3410 3817 3883 3886
		3996 4055 4070 4144 4320 4366 4373 4389 4413 4554 4811 4835 4967 5416 5647 5946
		5948 6045 6437 6811 7041 7310 7395 7423 7634 7670 7747 7782 7809 7955 8229 8318
		8356 8549 9297 9784 9793 9982 10272 10401 10765 10878 10895 10940 11134 11695 11772 11828
		11868 12435 12702 12749 12773 12819 12992 13010
	}
	buildings_max_level_factor = 1.000
	local_supplies = 0.0
}
