# Generated by tools/build_adiscord_outer_states.py
# adiscord_climate_region = left_subarctic_continental
state = {
	id = 481
	name = "STATE_481"
	manpower = 1
	state_category = rural
	provinces = {
		319 484 581 620 703 872 1004 1073 1227 1253 1279 1357 1449 1473 1576 1921
		2023 2060 2169 2221 2418 2815 2904 2989 3009 3055 3067 3194 3362 3369 3387 3494
		3647 3665 3798 3820 3835 4075 4097 4159 4539 4543 4766 4799 4846 5131 5174 5289
		5577 5841 6069 6222 6276 6285 6454 6654 6680 6965 7039 7076 7147 7158 7258 7334
		7582 8099 8268 8292 8374 8408 8552 8697 8797 8808 8910 9246 9306 9580 9656 9713
		9774 9826 9878 9889 10058 10141 10237 10247 10281 10286 10750 10770 10829 11061 11176 11438
		11618 12105 12314 12333 12394 12407 12442 12752 12924
	}
	buildings_max_level_factor = 1.000
	local_supplies = 0.0
}
