# Generated by tools/build_adiscord_outer_states.py
# adiscord_climate_region = left_subarctic_continental
state = {
	id = 482
	name = "STATE_482"
	manpower = 1
	state_category = rural
	provinces = {
		194 351 444 532 740 750 761 859 949 1202 1310 1336 1391 1395 1972 2108
		2136 2160 2174 2204 2428 2445 2458 2573 2613 2756 2959 3064 3112 3148 3540 3549
		3560 3609 3610 3634 3852 3900 3989 4117 4122 4126 4245 4267 4337 4375 4714 4824
		4938 5017 5070 5535 5653 5708 5767 5779 5852 5908 5949 6090 6121 6162 6227 6330
		6484 6528 6699 6734 6753 6803 6836 7207 7315 7318 7375 7484 7773 8212 8528 8542
		8579 8854 9543 9582 9607 9621 9631 9677 9724 9943 10123 10275 10311 10312 10603 10634
		10723 10901 10969 11151 11671 11804 11843 11989 12094 12110 12245 12499 12524 12558 12568 12647
		12917 12943 12989
	}
	buildings_max_level_factor = 1.000
	local_supplies = 0.0
}
