# Generated by tools/build_adiscord_outer_states.py
# adiscord_climate_region = left_subarctic_continental
state = {
	id = 483
	name = "STATE_483"
	manpower = 0
	state_category = rural
	provinces = {
		331 426 546 875 897 937 940 966 1057 1174 1302 1331 1453 1633 1817 1922
		1938 2164 2185 2382 2597 2607 2657 2950 3081 3124 3621 3666 3735 3747 3904 4087
		4137 4154 4227 4314 4340 4384 4416 4454 4470 4499 4592 4747 4754 4971 4986 5370
		5455 5517 5522 5602 5617 5619 5669 5959 6127 6131 6306 6324 6379 6469 6632 6677
		6956 6960 6973 6996 7020 7119 7156 7216 7301 7433 7457 7519 7544 7883 7892 8020
		8311 8453 8575 8586 8594 8612 8656 8746 8799 8964 9002 9081 9446 9459 9541 9563
		9632 10069 10080 10085 10593 10614 10638 10655 10697 10862 10994 11012 11042 11054 11142 11232
		11286 11415 11715 11735 11854 11940 12115 12603 12761 12767 12775 12779 12810 12822 12897 13027
	}
	buildings_max_level_factor = 1.000
	local_supplies = 0.0
}
