# Generated by tools/build_adiscord_outer_states.py
# adiscord_climate_region = left_cool_continental
state = {
	id = 485
	name = "STATE_485"
	manpower = 1
	state_category = rural
	provinces = {
		295 298 723 821 945 1163 1203 1388 1638 1680 1765 1933 2083 2155 2444 2450
		2454 2466 2564 2630 2710 2801 2861 2976 3057 3203 3283 3470 3489 3618 3678 3693
		3702 3746 3843 3979 4104 4345 4448 4755 4756 4797 5031 5264 5279 5310 5399 5487
		5551 5662 5697 5705 5752 5806 5826 5836 5847 5853 5917 5962 6309 6368 6446 6468
		6517 6856 6875 7130 8013 9151 9200 9284 9813 9838 9964 10165 10244 10283 10305 10353
		10399 10452 10473 10682 10684 10767 10961 11136 11189 11291 11310 11314 11628 11887 11893 12059
		12074 12202 12288 12301 12451 12694 12786 12855 12919
	}
	buildings_max_level_factor = 1.000
	local_supplies = 0.0
}
