# Generated by tools/build_adiscord_outer_states.py
# adiscord_climate_region = left_cool_continental
state = {
	id = 487
	name = "STATE_487"
	manpower = 0
	state_category = rural
	provinces = {
		374 438 442 459 552 699 858 898 1171 1176 1188 1315 1354 1452 1490 1491
		1597 1621 1753 1785 1829 1920 2051 2053 2096 2187 2336 2482 2588 2622 2633 2680
		2812 2859 2884 2891 2932 3257 3388 3408 3500 3676 3754 3812 4090 4109 4555 4786
		4850 4865 4917 4963 5030 5149 5151 5250 5450 5503 5652 5671 5855 5873 5876 5931
		5968 6118 6124 6178 6190 6751 6922 6951 7050 7067 7114 7133 7282 7314 7325 7327
		7365 7369 7424 7488 7499 7566 7769 8098 8147 8347 8418 8424 8627 8706 8750 8773
		9164 9227 9549 9560 9663 9819 9825 9906 10005 10037 10059 10150 10182 10208 10328 10373
		10965 10984 11239 11363 11388 11494 11588 11781 11980 12035 12136 12140 12387 12496 12507 12608
		12637 12657 12717 12729 12954 13006
	}
	buildings_max_level_factor = 1.000
	local_supplies = 0.0
}
