# Generated by tools/build_adiscord_outer_states.py
# adiscord_climate_region = left_cool_continental
state = {
	id = 489
	name = "STATE_489"
	manpower = 1
	state_category = rural
	provinces = {
		382 683 767 846 975 1072 1094 1109 1264 1370 1527 1614 1871 1914 1959 1963
		1976 2047 2132 2388 2404 2423 2438 2517 2575 2766 2833 2872 3143 3172 3219 3280
		3337 3401 3435 3449 3679 3683 3703 3819 4032 4036 4128 4194 4407 4412 4419 4420
		4477 4586 4695 4718 5074 5084 5113 5129 5188 5422 5610 5660 5712 5722 5827 5838
		5842 6092 6111 6133 6173 6224 6250 6290 6583 6773 6845 6863 7029 7141 7242 7366
		7376 7675 7836 7851 7853 7863 7932 8628 8700 8915 8920 8954 9033 9168 9205 9235
		9243 9244 9387 9399 9435 9841 9921 9996 10053 10111 10416 10619 10938 10979 11106 11144
		11218 11344 11481 11532 11551 11605 11655 11723 11855 11915 11962 11993 12214 12731 12797
	}
	buildings_max_level_factor = 1.000
	local_supplies = 0.0
}
