# Generated by tools/build_adiscord_outer_states.py
# adiscord_climate_region = left_cool_continental
state = {
	id = 492
	name = "STATE_492"
	manpower = 0
	state_category = rural
	provinces = {
		232 296 340 369 386 450 458 507 606 731 737 814 1092 1126 1159 1584
		1608 1631 1636 1767 1820 1841 1865 1873 1942 2124 2179 2354 2460 2585 2642 2650
		2663 2676 2684 2705 2770 2798 2820 2898 2978 3420 3565 3711 3795 3826 3853 3893
		3940 3945 3966 4027 4092 4222 4249 4251 4255 4259 4288 4296 4346 4475 4574 4670
		4774 4954 4973 5058 5063 5199 5201 5319 5397 5415 5470 5490 5663 5670 5763 5984
		6183 6349 6427 6533 6570 6581 6611 6626 6673 6686 6701 6758 6997 7057 7234 7307
		7383 7427 7436 7454 7583 7587 7619 7691 7758 7776 7789 7796 7922 8035 8092 8186
		8361 8366 8380 8422 8477 8651 8759 8782 8842 8898 8996 9062 9096 9255 9428 9551
		9601 9670 9715 9938 10073 10087 10205 10228 10259 10413 10463 10472 10588 10621 10692 10803
		10876 10887 10890 10905 10960 11008 11105 11129 11186 11204 11356 11421 11449 11497 11590 11617
		11679 11742 11850 12081 12549 12913 12973
	}
	buildings_max_level_factor = 1.000
	local_supplies = 0.0
}
