# Generated by tools/build_adiscord_outer_states.py
# adiscord_climate_region = left_temperate_continental
state = {
	id = 493
	name = "STATE_493"
	manpower = 1
	state_category = wasteland
	history = {
		owner = RSV
		add_core_of = RSV
	}
	provinces = {
		235 327 353 363 458 478 527 542 590 608 889 942 1001 1087 1092 1226
		1291 1510 1546 1636 1809 1820 2082 2213 2315 2435 2784 2855 2981 3095 3486 3516
		3533 4092 4146 4236 4259 4393 4502 4520 4665 4681 4801 4994 5033 5081 5127 5217
		5375 5582 5883 5886 6034 6046 6234 6302 6329 6855 6881 6918 7151 7250 7271 7422
		7758 8070 8106 8233 8361 8380 8506 8608 8650 8732 8804 8898 9029 9062 9064 9083
		9217 9506 9636 9660 9728 9803 9923 9951 10091 10121 10125 10268 10351 10987 11018 11116
		11490 12102 12152 12199 12222 12403 12712 12944
	}
	buildings_max_level_factor = 1.000
	local_supplies = 0.0
}
