# Generated by tools/build_adiscord_outer_states.py
# adiscord_climate_region = left_cool_continental
state = {
	id = 494
	name = "STATE_494"
	manpower = 0
	state_category = rural
	provinces = {
		219 475 565 659 704 825 964 1118 1303 1627 1746 1747 1816 1958 2028 2208
		2209 2253 2278 2369 2400 2648 2720 2824 2956 3076 3077 3468 3662 3810 3921 3948
		4003 4129 4383 4519 4536 4609 4666 4725 4833 4943 5022 5107 5171 5213 5268 5278
		5367 5597 5677 5714 5776 5993 6128 6275 6376 6536 6550 6647 6688 6812 6911 7179
		7192 7323 7347 7523 7605 7709 7732 7803 7926 8185 8527 8624 8741 8882 9008 9028
		9042 9209 9268 9345 9392 9421 9613 9649 9933 10285 10295 10522 10573 10632 10777 10820
		10860 10986 11254 11352 11417 11420 11447 11531 11589 11666 11778 12098 12158 12531 12610 12627
		12658 12859
	}
	buildings_max_level_factor = 1.000
	local_supplies = 0.0
}
