# Generated by tools/build_adiscord_outer_states.py
# adiscord_climate_region = left_cool_continental
state = {
	id = 495
	name = "STATE_495"
	manpower = 0
	state_category = rural
	provinces = {
		177 202 403 447 527 545 681 705 718 819 1043 1054 1125 1130 1207 1256
		1550 1600 1622 1650 1964 2222 2260 2341 2560 2628 2659 2670 2690 2708 2782 2818
		2985 3034 3381 3400 3628 3758 3769 3999 4310 4434 4746 4885 5081 5179 5238 5347
		5459 5684 5773 5818 6023 6048 6144 6332 6347 6375 6391 6436 6659 6791 6828 6853
		7028 7075 7104 7222 7557 7627 7629 7772 7821 7875 8208 8333 8354 8608 8645 8694
		8905 8921 8986 9240 9280 9403 9436 9523 9603 9719 9997 10271 10451 10959 11217 11220
		11229 11271 11517 11549 11621 11745 11791 12114 12145 12148 12248 12424 12439 12448 12518 12636
		12672 12751 12958 13003
	}
	buildings_max_level_factor = 1.000
	local_supplies = 0.0
}
