# Generated by tools/build_adiscord_outer_states.py
# adiscord_climate_region = left_temperate_continental
state = {
	id = 497
	name = "STATE_497"
	manpower = 1
	state_category = wasteland
	history = {
		owner = RSV
		add_core_of = RSV
	}
	provinces = {
		199 237 254 495 665 759 808 854 895 1030 1185 1595 1730 2245 2280 2472
		2582 2759 2999 3118 3384 4164 4254 4323 4483 4627 4685 4829 5071 5118 5266 5324
		5331 5466 5638 5740 6079 6094 6255 6274 6320 6610 6934 6952 7186 7189 7393 7616
		7673 8076 8299 8301 8320 8438 8534 8657 8719 9485 9561 9763 9855 10067 10222 10304
		10431 10497 10586 10690 10729 10800 10802 10825 10903 11019 11316 11402 11484 11533 11732 11782
		11979 12045 12078 12117 12353 12486 12490 12491 12535 12686 12713 12854 12872 12892 12934
	}
	buildings_max_level_factor = 1.000
	local_supplies = 0.0
}
