# Generated by tools/build_adiscord_outer_states.py
# adiscord_climate_region = left_temperate_continental
state = {
	id = 498
	name = "STATE_498"
	manpower = 1
	state_category = wasteland
	history = {
		owner = RSV
		add_core_of = RSV
	}
	provinces = {
		277 383 528 654 668 787 916 1116 1122 1273 1369 1629 1866 2004 2032 2207
		2685 2696 2701 2793 2893 2918 2941 2954 3299 3398 3423 3509 3543 3668 3943 4163
		4188 4258 4398 4402 4441 4589 4655 4758 4983 5036 5079 5121 5134 5811 5882 6293
		6361 6381 6439 6458 6983 7165 7183 7249 7255 7285 7446 7524 7653 7701 7898 7918
		7952 8028 8044 8217 8240 8291 8419 8766 9339 9484 9722 9799 9979 10018 10072 10082
		10132 10429 10437 10444 10658 10676 11113 11122 11184 11260 11297 11676 11716 11866 12139 12263
		12348 12611 12931
	}
	buildings_max_level_factor = 1.000
	local_supplies = 0.0
}
