# Generated by tools/build_adiscord_outer_states.py
# adiscord_climate_region = left_temperate_continental
state = {
	id = 500
	name = "STATE_500"
	manpower = 1
	state_category = wasteland
	history = {
		owner = RSV
		add_core_of = RSV
	}
	provinces = {
		223 227 247 270 421 465 646 823 1006 1042 1133 1237 1439 1577 1673 1783
		1814 1826 1953 2046 2135 2289 2389 2525 2647 2666 2679 2702 2897 2913 3272 3417
		3588 3622 3675 3842 3864 4005 4298 4325 4354 4372 4444 4532 4562 4628 4926 4978
		5060 5152 5189 5197 5222 5237 5316 5336 5342 5413 5425 5680 5840 6249 6267 6315
		6386 6404 6481 6813 6826 6829 6933 7105 7124 7272 7304 7507 7522 7710 7725 7741
		7950 7973 8047 8137 8170 8264 8547 8564 8597 9358 9382 9800 10047 10050 10288 10297
		10307 10837 10875 10900 11015 11032 11109 11155 11205 11268 11292 11299 11466 11491 11548 11610
		11654 11760 11821 11823 11881 11931 12016 12185 12213 12260 12328 12390 12556 12622 12760
	}
	buildings_max_level_factor = 1.000
	local_supplies = 0.0
}
