# Generated by tools/build_adiscord_outer_states.py
# adiscord_climate_region = left_temperate_continental
state = {
	id = 503
	name = "STATE_503"
	manpower = 1
	state_category = wasteland
	history = {
		owner = RSV
		add_core_of = RSV
	}
	provinces = {
		234 255 257 306 413 663 805 958 1138 1152 1210 1223 1353 1364 1446 1469
		1488 1515 1706 1848 2049 2105 2459 2783 2849 2851 3053 3073 3093 3152 3155 3174
		3200 3239 3440 3644 3649 3772 3885 3912 3917 4059 4120 4141 4231 4494 4613 4622
		4679 4731 4958 5088 5096 5190 5239 5390 5423 5430 5434 5516 6042 6169 6258 6339
		6538 6995 7015 7027 7194 7330 7588 7677 7748 7795 7807 7872 7976 8110 8127 8230
		8312 8465 8481 8584 8591 8636 8902 9232 9627 9875 10060 10430 10612 10631 11143 11251
		11424 11495 11834 12057 12075 12402 12628 13012
	}
	buildings_max_level_factor = 1.000
	local_supplies = 0.0
}
