# Generated by tools/build_adiscord_outer_states.py
# adiscord_climate_region = left_temperate_continental
state = {
	id = 504
	name = "STATE_504"
	manpower = 1
	state_category = wasteland
	history = {
		owner = RSV
		add_core_of = RSV
	}
	provinces = {
		175 241 305 451 479 536 621 634 657 717 995 1048 1362 1428 1742 1893
		1941 2020 2191 2205 2288 2800 2925 2994 3082 3179 3204 3210 3358 3365 3508 3873
		3994 4107 4149 4200 4295 4400 4617 4823 5037 5041 5078 5102 5147 5495 5520 5578
		5593 5707 5885 5997 6449 6482 6874 6902 6912 6953 7137 7219 7268 7405 7417 7466
		7492 7517 7642 7671 8033 8062 8224 8289 8339 8494 9047 9061 9189 9197 9335 9360
		9379 9639 9705 9832 9922 10188 10203 10359 10385 10449 10510 10566 10705 10718 10720 10971
		11017 11102 11149 11320 11366 11462 11485 11569 11835 11983 12125 12129 12262 12297 12910
	}
	buildings_max_level_factor = 1.000
	local_supplies = 0.0
}
