# Generated by tools/build_adiscord_outer_states.py
# adiscord_climate_region = left_temperate_continental
state = {
	id = 508
	name = "STATE_508"
	manpower = 0
	state_category = rural
	provinces = {
		216 533 541 680 909 985 1075 1119 1137 1140 1630 1652 2085 2094 2161 2225
		2484 2707 2907 3138 3487 3623 3704 4073 4268 4367 4826 4855 4893 4918 4936 4960
		5184 5255 5317 5318 5465 5618 6074 6172 6202 6267 6367 6563 6596 6916 7022 7093
		7096 7550 8008 8010 8093 8155 8199 8227 8973 9229 9476 9638 9651 9959 10023 10172
		10181 10491 10567 10724 11037 11085 11339 11616 11776 11921 12384 12600 12604 12632 12659 12941
	}
	buildings_max_level_factor = 1.000
	local_supplies = 0.0
}
