state={
	id=51
	name="STATE_51"
	history={
		owner=EXZ
		add_core_of=EXZ
		buildings = {
			infrastructure = 2
		}
	}
	provinces={
		205 375 399 603 766 813 1093 1132 1222 1342 1430 1481 1613 1740 1774 1879
		1910 2033 2106 2533 2534 2672 3126 3305 3347 3474 3542 3551 3684 3783 3801 3974
		4026 4405 4411 4508 4530 4861 5032 5112 5407 5727 5770 6036 6050 6058 6237 6280
		6342 6434 6687 6777 6794 6994 7181 7367 7448 7452 7602 7666 8167 8198 8472 8985
		9001 9067 9263 9346 9571 9626 9796 9860 9924 10066 10417 10446 10785 11091 11256 11357
		11368 11386 11464 11526 11700 11751 11761 11812 11829 11840 11950 12219 12315 12324 12460 12467
		12555 12579 12634 12762 12766 12836 12933
	}
	manpower = 150000
	buildings_max_level_factor = 1.000
	state_category = rural
	local_supplies = 1.5
}
