# Generated by tools/build_adiscord_outer_states.py
# adiscord_climate_region = left_temperate_continental
state = {
	id = 510
	name = "STATE_510"
	manpower = 1
	state_category = wasteland
	history = {
		owner = RSV
		add_core_of = RSV
	}
	provinces = {
		281 285 360 376 394 664 719 804 1076 1214 1320 1361 1409 2068 2229 2487
		2502 3030 3105 3266 3275 3434 3497 3559 3568 3626 3650 3752 3778 3822 3845 3963
		4017 4142 4414 4664 4700 5243 5643 5830 5914 6037 6157 6478 6591 6612 6645 6668
		6707 6741 6760 6843 6859 6865 7070 7091 7121 7226 7293 7337 7343 7471 7511 7540
		7751 7868 7886 8271 8623 8793 8805 8934 8952 9020 9130 9590 9661 10001 10143 10278
		10330 10389 10394 10457 10643 10996 11056 11180 11212 11280 11583 11649 11885 11927 12123 12237
		12238 12344 12363 12381 12547 12824 13014 13022
	}
	buildings_max_level_factor = 1.000
	local_supplies = 0.0
}
