# Generated by tools/build_adiscord_outer_states.py
# adiscord_climate_region = left_temperate_continental
state = {
	id = 511
	name = "STATE_511"
	manpower = 1
	state_category = rural
	provinces = {
		172 215 301 345 520 619 769 807 856 1196 1451 1539 1856 1885 2163 2215
		2256 2295 2864 2910 2951 3056 3084 3146 3749 3791 4417 4452 4471 4521 4649 5140
		5143 5523 6312 6420 6585 6676 6782 7238 7266 7516 7905 7909 8355 8492 8616 8707
		8937 8963 9604 9640 9848 10014 10075 10196 10355 10362 10367 10505 10873 11290 11317 11378
		11474 11810 11929 11976 12256 12682 12781 12853
	}
	buildings_max_level_factor = 1.000
	local_supplies = 0.0
}
