# Generated by tools/build_adiscord_outer_states.py
# adiscord_climate_region = left_temperate_continental
state = {
	id = 514
	name = "STATE_514"
	manpower = 1
	state_category = wasteland
	history = {
		owner = RSV
		add_core_of = RSV
	}
	provinces = {
		171 198 229 517 538 571 652 743 1260 1655 1700 2107 2193 2196 2297 2324
		2348 2367 2470 2699 2719 2794 3070 3117 3125 3264 3316 3349 3726 3995 4240 4275
		4312 4631 4908 4951 5006 5144 5214 5352 5354 5452 5491 5622 5728 5737 6470 6558
		6576 6657 6689 6852 7025 7081 7432 7699 7728 7818 7891 7912 7941 8022 8122 8149
		8169 8304 8337 8353 8461 9109 9312 9417 9558 9620 9702 9745 9818 10094 10122 10356
		10434 10458 10545 10596 10731 10784 11002 11086 11087 11139 11166 11476 11507 11557 11580 11711
		11856 11888 12141 12557 12789 12791 12948
	}
	buildings_max_level_factor = 1.000
	local_supplies = 0.0
}
