# Generated by tools/build_adiscord_outer_states.py
# adiscord_climate_region = left_temperate_continental
state = {
	id = 515
	name = "STATE_515"
	manpower = 1
	state_category = rural
	provinces = {
		230 407 835 1261 1489 1596 1654 1691 1782 1807 1912 1929 2158 2386 2580 2961
		3049 3205 3223 3232 3682 4033 4362 4390 4645 4734 4778 4910 4914 5009 5050 5204
		5271 5272 5332 5733 5941 5974 6001 6052 6115 6207 6524 6555 6617 6705 7120 7212
		7480 7680 8002 8330 8748 8892 9090 9299 9338 9357 9527 9708 9788 9815 9986 9992
		11119 11250 11293 11502 11619 12048 12051 12056 12113 12239 12665 12839 12845
	}
	buildings_max_level_factor = 1.000
	local_supplies = 0.0
}
