# Generated by tools/build_adiscord_outer_states.py
# adiscord_climate_region = left_temperate_continental
state = {
	id = 520
	name = "STATE_520"
	manpower = 0
	state_category = rural
	provinces = {
		164 214 453 747 1123 1134 1258 1509 1662 1726 1832 2384 2700 2836 3298 3370
		3802 3814 3879 3954 4173 4306 4669 4675 4862 5164 5464 5512 5583 5718 5745 5884
		6024 6043 6223 6287 6750 6948 6990 7303 7316 7418 7662 9017 9286 9383 9409 9812
		9945 10017 10133 10134 10240 10405 10863 11036 11148 11173 11294 11313 11455 11503 11553 11608
		11750 11787 12011 12015 12024 12358 12438
	}
	buildings_max_level_factor = 1.000
	local_supplies = 0.0
}
