# Generated by tools/build_adiscord_remainder_states.py
# adiscord_climate_region = left_cool_continental
# adiscord_strategic_name = Равденская равнина
state = {
	id = 597
	name = "STATE_597"
	manpower = 1
	state_category = wasteland
	history = {
		owner = RSV
		add_core_of = RSV
	}
	provinces = {
		226 232 253 328 340 374 438 483 559 784 858 1107 1176 1188 1491 1612
		1785 1791 2051 2392 2633 2697 2769 3229 3320 3364 3378 3408 3580 3676 3795 3825
		3940 4027 4541 4786 4973 5244 5302 5454 5490 5873 5931 6093 6124 6183 6190 6427
		6483 6783 6946 7013 7040 7265 7282 7307 7365 7369 7538 7686 7757 7893 8104 8405
		8649 8665 8666 8795 8810 8841 9069 9275 9816 9978 10065 10089 10135 10182 10461 10527
		10692 10981 11038 11110 11372 11588 11590 11953 12035 12156 12235 12345 12445 12509 12587 12608
		12629 12671 12815 12973 13006
	}
	buildings_max_level_factor = 1.000
	local_supplies = 0.0
}
