# Generated by tools/build_adiscord_remainder_states.py
# adiscord_climate_region = world_warm_interior
# adiscord_strategic_name = Дальний юго-западный Фалор
state = {
	id = 653
	name = "STATE_653"
	manpower = 0
	state_category = rural
	provinces = {
		173 195 349 436 575 988 1032 1045 1104 1268 1328 1501 1506 1616 1663 1716
		1759 1812 2255 2337 2521 2531 2629 2683 2854 2870 3036 3154 3255 3288 3591 3815
		3957 4208 4280 4516 4614 4702 4775 4780 4796 4848 4894 5025 5089 5178 5265 5290
		5295 5303 5315 5321 5323 5572 5735 6002 6047 6165 6171 6405 6413 6424 6486 6924
		6998 7016 7049 7100 7188 7191 7231 7284 7320 7518 7535 7601 7694 7696 7704 7722
		7767 7927 7977 7993 8004 8024 8286 8375 8595 8825 8878 8989 9010 9015 9123 9199
		9287 9298 9539 9591 9755 9764 9905 10036 10340 10459 10538 10549 10611 10656 10886 10914
		10954 10991 11064 11460 11539 11570 11852 11883 11924 12027 12034 12268 12429 12475 12768 12805
		12908 12936 12986
	}
	buildings_max_level_factor = 1.000
	local_supplies = 0.0
}
